000001 0
000002 0
000003 0
000004 0
000005 0
000006 0
000007 0
000008 0
000009 0
000010 0
000011 0
000012 0
000013 0
000014 0
000015 0
000016 0
000017 0
000018 0
000019 0
000020 0
000021 0
000022 0
000023 0
000024 0
000025 0
000026 0
000027 0
000028 0
000029 0
000030 0
000031 0
000032 0
000033 0
000034 0
000035 0
000036 0
000037 0
000038 0
000039 0
000040 0
000041 0
000042 0
000043 0
000044 0
000045 0
000046 0
000047 0
000048 0
000049 0
000050 0
000051 0
000052 0
000053 0
000054 0
000055 0
000056 0
000057 0
000058 0
000059 0
000060 0
000061 0
000062 0
000063 0
000064 0
000065 0
000066 0
000067 0
000068 0
000069 0
000070 0
000071 0
000072 0
000073 0
000074 0
000075 0
000076 0
000077 0
000078 0
000079 0
000080 0
000081 0
000082 0
000083 0
000084 0
000085 0
000086 0
000087 0
000088 0
000089 0
000090 0
000091 0
000092 0
000093 0
000094 0
000095 0
000096 0
000097 0
000098 0
000099 0
000100 0
000101 0
000102 0
000103 0
000104 0
000105 0
000106 0
000107 0
000108 0
000109 0
000110 0
000111 0
000112 0
000113 0
000114 0
000115 0
000116 0
000117 0
000118 0
000119 0
000120 0
000121 0
000122 0
000123 0
000124 0
000125 0
000126 0
000127 0
000128 0
000129 0
000130 0
000131 0
000132 0
000133 0
000134 0
000135 0
000136 0
000137 0
000138 0
000139 0
000140 0
000141 0
000142 0
000143 0
000144 0
000145 0
000146 0
000147 0
000148 0
000149 0
000150 0
000151 0
000152 0
000153 0
000154 0
000155 0
000156 0
000157 0
000158 0
000159 0
000160 0
000161 0
000162 0
000163 0
000164 0
000165 0
000166 0
000167 0
000168 0
000169 0
000170 0
000171 0
000172 0
000173 0
000174 0
000175 0
000176 0
000177 0
000178 0
000179 0
000180 0
000181 0
000182 0
000183 0
000184 0
000185 0
000186 0
000187 0
000188 0
000189 0
000190 0
000191 0
000192 0
000193 0
000194 0
000195 0
000196 0
000197 0
000198 0
000199 0
000200 0
000201 0
000202 0
000203 0
000204 0
000205 0
000206 0
000207 0
000208 0
000209 0
000210 0
000211 0
000212 0
000213 0
000214 0
000215 0
000216 0
000217 0
000218 0
000219 0
000220 0
000221 0
000222 0
000223 0
000224 0
000225 0
000226 0
000227 0
000228 0
000229 0
000230 0
000231 0
000232 0
000233 0
000234 0
000235 0
000236 0
000237 0
000238 0
000239 0
000240 0
000241 0
000242 0
000243 0
000244 0
000245 0
000246 0
000247 0
000248 0
000249 0
000250 0
000251 0
000252 0
000253 0
000254 0
000255 0
000256 0
000257 0
000258 0
000259 0
000260 0
000261 0
000262 0
000263 0
000264 0
000265 0
000266 0
000267 0
000268 0
000269 0
000270 0
000271 0
000272 0
000273 0
000274 0
000275 0
000276 0
000277 0
000278 0
000279 0
000280 0
000281 0
000282 0
000283 0
000284 0
000285 0
000286 0
000287 0
000288 0
000289 0
000290 0
000291 0
000292 0
000293 0
000294 0
000295 0
000296 0
000297 0
000298 0
000299 0
000300 0
000301 0
000302 0
000303 0
000304 0
000305 0
000306 0
000307 0
000308 0
000309 0
000310 0
000311 0
000312 0
000313 0
000314 0
000315 0
000316 0
000317 0
000318 0
000319 0
000320 0
000321 0
000322 0
000323 0
000324 0
000325 0
000326 0
000327 0
000328 0
000329 0
000330 0
000331 0
000332 0
000333 0
000334 0
000335 0
000336 0
000337 0
000338 0
000339 0
000340 0
000341 0
000342 0
000343 0
000344 0
000345 0
000346 0
000347 0
000348 0
000349 0
000350 0
000351 0
000352 0
000353 0
000354 0
000355 0
000356 0
000357 0
000358 0
000359 0
000360 0
000361 0
000362 0
000363 0
000364 0
000365 0
000366 0
000367 0
000368 0
000369 0
000370 0
000371 0
000372 0
000373 0
000374 0
000375 0
000376 0
000377 0
000378 0
000379 0
000380 0
000381 0
000382 0
000383 0
000384 0
000385 0
000386 0
000387 0
000388 0
000389 0
000390 0
000391 0
000392 0
000393 0
000394 0
000395 0
000396 0
000397 0
000398 0
000399 0
000400 0
000401 0
000402 0
000403 0
000404 0
000405 0
000406 0
000407 0
000408 0
000409 0
000410 0
000411 0
000412 0
000413 0
000414 0
000415 0
000416 0
000417 0
000418 0
000419 0
000420 0
000421 0
000422 0
000423 0
000424 0
000425 0
000426 0
000427 0
000428 0
000429 0
000430 0
000431 0
000432 0
000433 0
000434 0
000435 0
000436 0
000437 0
000438 0
000439 0
000440 0
000441 0
000442 0
000443 0
000444 0
000445 0
000446 0
000447 0
000448 0
000449 0
000450 0
000451 0
000452 0
000453 0
000454 0
000455 0
000456 0
000457 0
000458 0
000459 0
000460 0
000461 0
000462 0
000463 0
000464 0
000465 0
000466 0
000467 0
000468 0
000469 0
000470 2 224 0 14 234
000471 2 224 0 8 238
000472 1 224 0
000473 1 226 0
000474 2 225 1 319 15
000475 2 225 1 319 11
000476 2 225 1 319 10
000477 2 225 2 318 10
000478 2 225 2 318 10
000479 2 225 2 318 10
000480 2 224 2 318 9
000481 2 224 2 318 9
000482 2 224 2 318 8
000483 2 224 2 318 8
000484 2 224 2 318 8
000485 2 224 2 318 8
000486 2 224 2 318 8
000487 2 224 2 318 6
000488 2 224 3 317 6
000489 2 224 3 318 6
000490 2 224 3 318 6
000491 2 224 3 317 6
000492 2 224 3 317 5
000493 2 224 4 317 5
000494 2 224 4 316 5
000495 2 224 4 316 5
000496 2 224 4 316 4
000497 2 224 4 316 4
000498 2 224 4 316 4
000499 2 316 4 223 4
000500 2 316 4 223 4
000501 2 316 4 223 4
000502 2 316 4 223 5
000503 2 316 4 223 5
000504 2 316 4 223 5
000505 2 316 4 223 5
000506 2 316 3 223 6
000507 2 316 3 222 6
000508 2 315 3 222 6
000509 2 315 3 222 6
000510 2 315 2 222 6
000511 2 315 2 222 6
000512 2 315 2 222 6
000513 2 314 2 222 6
000514 2 314 2 222 6
000515 2 314 2 222 7
000516 2 314 2 222 7
000517 2 314 2 222 7
000518 2 314 2 222 8
000519 2 314 2 222 8
000520 2 314 2 221 8
000521 2 314 2 221 10
000522 2 314 1 220 10
000523 2 314 1 220 10
000524 3 314 1 220 10 212 17
000525 2 313 1 220 11
000526 2 313 0 220 11
000527 2 313 0 220 12
000528 2 312 0 220 12
000529 2 312 0 220 12
000530 2 312 0 220 12
000531 2 312 0 219 13
000532 2 312 0 219 13
000533 1 218 14
000534 1 219 14
000535 1 218 14
000536 1 218 14
000537 1 218 14
000538 1 218 15
000539 1 218 16
000540 1 218 16
000541 1 218 16
000542 1 217 16
000543 1 217 16
000544 1 216 17
000545 1 217 17
000546 1 216 18
000547 1 216 18
000548 1 216 18
000549 1 216 18
000550 1 216 18
000551 1 215 20
000552 1 214 20
000553 1 215 20
000554 1 214 21
000555 2 217 0 214 22
000556 2 218 0 214 22
000557 2 218 0 213 22
000558 2 222 0 213 22
000559 2 223 0 213 22
000560 2 223 0 214 23
000561 2 224 0 212 23
000562 2 224 0 212 24
000563 2 224 0 212 24
000564 2 224 0 212 25
000565 2 223 0 210 26
000566 2 224 0 210 26
000567 2 224 0 210 26
000568 2 223 1 210 27
000569 2 223 1 210 27
000570 2 224 1 209 28
000571 2 224 1 209 28
000572 2 224 1 208 29
000573 2 224 2 208 30
000574 2 224 2 208 30
000575 2 224 2 208 30
000576 2 224 2 207 32
000577 2 224 2 206 32
000578 2 224 2 207 32
000579 2 224 2 206 32
000580 2 224 2 206 33
000581 2 224 2 206 34
000582 2 224 2 206 34
000583 2 223 3 204 35
000584 2 224 3 204 35
000585 2 224 3 204 36
000586 2 224 3 204 36
000587 2 224 3 203 37
000588 3 224 3 217 7 203 37
000589 2 223 4 202 38
000590 2 224 4 202 38
000591 2 224 4 202 39
000592 2 223 4 201 39
000593 2 223 4 200 40
000594 2 224 4 200 41
000595 2 223 4 200 42
000596 2 223 4 200 42
000597 2 223 4 198 43
000598 2 224 4 198 43
000599 2 222 5 198 43
000600 3 250 0 224 5 197 44
000601 3 251 0 223 5 197 44
000602 3 252 0 222 5 196 45
000603 3 252 0 222 6 196 46
000604 3 252 0 222 6 196 46
000605 3 253 0 222 6 194 48
000606 3 254 0 222 6 194 48
000607 3 254 0 222 6 194 48
000608 3 254 0 222 6 193 50
000609 3 254 1 222 6 193 50
000610 3 254 1 222 6 192 51
000611 3 254 1 222 6 192 51
000612 3 254 1 222 7 191 52
000613 3 254 2 222 7 190 53
000614 3 254 2 222 7 190 54
000615 3 255 2 222 7 190 55
000616 3 255 2 222 8 188 56
000617 3 255 2 222 8 188 56
000618 3 255 2 222 8 188 57
000619 3 255 2 222 8 187 58
000620 3 255 2 222 8 186 60
000621 3 255 2 222 8 186 60
000622 3 255 2 222 8 185 60
000623 3 256 2 222 8 184 62
000624 3 256 2 221 8 184 63
000625 3 256 3 221 9 183 64
000626 3 256 3 221 9 182 65
000627 3 256 3 221 9 182 66
000628 3 256 3 220 10 180 66
000629 3 256 4 220 10 180 67
000630 3 256 4 220 10 179 68
000631 3 256 4 220 10 178 70
000632 3 256 4 220 10 178 70
000633 3 256 4 220 10 176 71
000634 3 256 4 220 10 176 72
000635 3 256 4 220 10 175 74
000636 3 256 4 220 10 174 75
000637 3 256 4 219 11 174 76
000638 3 256 4 219 11 172 78
000639 3 256 5 219 11 172 78
000640 3 256 5 218 12 170 79
000641 3 256 5 218 12 170 80
000642 4 256 6 218 12 206 24 168 82
000643 3 256 6 218 12 168 84
000644 3 256 6 218 12 166 85
000645 3 256 6 218 12 166 86
000646 3 256 6 218 12 165 87
000647 3 256 6 218 12 164 88
000648 3 256 6 217 13 162 90
000649 3 256 6 218 13 162 92
000650 3 255 6 216 14 160 93
000651 3 256 6 217 14 159 94
000652 3 256 7 216 14 158 96
000653 3 256 7 216 14 157 97
000654 3 255 7 216 14 156 99
000655 3 256 8 215 14 154 100
000656 3 256 8 215 14 154 102
000657 3 255 8 215 15 152 104
000658 4 256 8 215 15 129 97 151 105
000659 3 256 8 214 16 150 107
000660 3 255 8 215 16 149 109
000661 3 255 8 214 16 147 110
000662 3 255 8 214 16 146 112
000663 3 256 8 214 16 144 114
000664 3 256 9 214 16 142 116
000665 4 256 9 214 17 197 35 142 118
000666 4 256 9 214 17 116 111 140 120
000667 3 255 10 214 18 138 122
000668 3 255 10 212 18 136 124
000669 3 255 10 212 18 135 126
000670 3 255 10 213 18 134 128
000671 3 255 10 212 18 132 130
000672 3 254 10 212 18 130 132
000673 4 255 10 212 19 102 126 128 136
000674 3 254 11 212 19 126 138
000675 4 254 11 211 20 97 130 124 140
000676 3 255 11 211 20 122 142
000677 3 254 12 210 20 120 144
000678 3 254 12 210 20 118 147
000679 3 254 12 210 20 116 150
000680 3 254 12 210 21 114 152
000681 4 254 12 210 22 82 146 112 156
000682 3 254 12 210 22 110 158
000683 5 254 12 210 22 319 38 77 151 108 162
000684 3 253 13 210 21 105 164
000685 4 254 13 209 22 72 156 102 167
000686 3 252 14 209 22 100 171
000687 3 253 14 209 22 98 174
000688 4 253 14 208 22 319 34 95 178
000689 3 252 14 208 22 92 182
000690 4 253 14 209 23 319 32 90 186
000691 4 252 14 208 24 318 26 86 190
000692 4 252 14 208 24 318 26 84 194
000693 4 252 15 208 24 318 24 80 198
000694 4 252 16 207 24 318 24 77 202
000695 4 252 16 318 24 206 25 74 206
000696 4 252 16 318 24 206 26 70 208
000697 4 252 16 318 23 206 26 67 210
000698 4 252 16 318 23 206 26 64 212
000699 4 252 16 318 22 205 26 60 214
000700 4 251 17 318 20 205 27 57 216
000701 4 251 17 317 20 204 27 54 218
000702 5 214 15 252 18 318 20 192 46 52 220
000703 5 214 15 251 18 317 20 192 46 46 223
000704 5 214 16 251 18 317 18 190 46 45 226
000705 5 214 16 250 18 318 18 190 48 42 228
000706 5 214 16 317 18 250 18 190 48 39 231
000707 5 214 16 317 18 250 18 189 48 34 234
000708 5 317 16 214 16 250 19 188 50 30 237
000709 4 317 16 213 16 250 20 188 50
000710 4 316 15 213 17 249 20 187 50
000711 4 316 14 212 17 249 20 186 50
000712 4 317 14 212 18 250 20 186 52
000713 4 316 14 212 18 248 20 186 52
000714 4 316 14 212 18 249 20 184 52
000715 4 316 14 212 18 248 21 184 54
000716 4 316 12 211 18 248 22 183 55
000717 4 316 13 211 18 248 22 182 56
000718 4 316 12 211 19 248 22 182 57
000719 4 316 12 210 20 248 22 182 57
000720 4 316 12 210 20 248 22 181 58
000721 4 316 11 210 20 248 22 180 59
000722 4 316 10 210 20 248 22 180 60
000723 4 316 10 210 20 248 22 178 60
000724 4 315 10 210 20 248 23 178 61
000725 4 316 9 210 20 248 24 177 62
000726 4 315 9 210 21 247 24 176 63
000727 4 316 7 209 21 247 24 175 64
000728 4 315 7 209 21 246 24 174 65
000729 4 314 7 208 21 246 24 174 66
000730 4 315 6 208 22 246 26 172 66
000731 4 314 6 208 22 246 26 172 68
000732 4 315 6 208 22 246 26 171 68
000733 4 314 6 208 22 246 26 170 68
000734 4 314 6 208 22 246 26 170 70
000735 5 314 6 249 14 207 24 244 44 168 70
000736 5 314 6 249 14 207 24 244 44 168 72
000737 5 314 6 250 14 206 24 244 46 167 72
000738 5 314 5 250 14 207 24 243 46 166 74
000739 5 314 5 249 15 206 24 243 47 165 75
000740 5 314 5 249 15 206 25 243 47 164 76
000741 5 314 4 249 16 206 25 242 48 163 78
000742 5 314 4 249 16 206 26 242 48 162 78
000743 5 314 4 250 16 204 26 242 50 161 80
000744 5 314 4 248 16 204 26 242 50 160 82
000745 5 314 4 248 16 204 26 242 52 160 82
000746 5 314 4 248 17 204 27 241 52 158 84
000747 5 314 4 248 17 204 27 241 52 156 84
000748 5 313 4 248 18 203 27 240 54 156 86
000749 5 313 3 248 18 202 28 240 54 155 88
000750 5 313 3 248 18 202 28 240 55 154 88
000751 5 313 3 248 18 202 28 240 56 152 90
000752 5 313 2 248 18 202 28 240 56 152 92
000753 5 313 2 248 18 202 28 239 57 150 93
000754 5 312 2 248 19 201 29 238 58 149 95
000755 5 312 2 247 20 200 30 238 59 148 96
000756 5 312 2 248 20 200 30 238 60 146 98
000757 5 312 2 247 20 200 30 238 60 146 100
000758 5 312 2 247 20 199 30 238 61 144 100
000759 5 312 2 246 20 199 30 238 62 143 102
000760 5 312 2 246 21 198 31 236 63 142 103
000761 5 312 2 246 21 198 32 236 64 141 104
000762 5 312 1 246 23 197 32 236 65 139 106
000763 5 312 1 246 24 197 32 236 66 138 108
000764 5 312 1 245 24 196 34 236 67 136 110
000765 5 312 0 245 25 196 34 236 68 136 112
000766 7 310 0 218 9 245 26 204 31 180 56 235 69 134 112
000767 5 310 0 246 26 196 34 234 70 132 115
000768 5 310 0 246 26 194 36 234 72 130 117
000769 5 310 0 246 26 194 38 234 72 129 118
000770 5 310 0 245 26 194 38 233 74 128 119
000771 5 308 0 246 26 193 39 233 74 124 122
000772 4 245 26 192 40 233 76 124 124
000773 4 244 27 192 40 232 77 122 126
000774 4 244 27 192 41 232 78 121 128
000775 5 216 14 244 28 185 54 232 79 118 130
000776 6 206 26 244 30 187 47 174 62 231 80 117 132
000777 4 244 30 190 43 231 82 114 136
000778 6 214 14 250 16 240 42 183 54 230 83 112 137
000779 7 250 17 204 28 240 42 185 49 171 65 230 84 110 140
000780 7 214 15 250 18 196 40 240 43 170 66 230 85 108 142
000781 7 214 15 250 18 198 40 240 44 170 68 230 86 106 144
000782 7 214 16 250 18 196 39 240 45 170 68 230 88 104 146
000783 7 213 16 249 20 196 40 239 45 168 69 228 89 102 150
000784 8 226 0 212 17 250 19 196 40 238 46 166 71 228 91 100 152
000785 8 226 0 212 17 248 20 195 42 238 47 166 72 228 92 97 156
000786 8 226 0 212 18 249 21 195 42 238 48 166 73 228 94 94 158
000787 8 226 0 212 18 248 21 194 42 238 48 166 74 226 96 92 162
000788 8 226 0 212 18 248 22 194 42 238 50 164 76 226 96 90 164
000789 8 226 0 210 18 248 22 193 44 238 50 163 76 226 98 87 166
000790 8 226 0 211 18 248 22 192 44 237 50 162 78 226 100 84 170
000791 8 226 0 210 20 248 24 192 44 238 52 162 78 225 101 82 173
000792 9 226 0 210 20 248 24 191 44 236 52 160 81 224 102 46 166 78 177
000793 8 226 1 210 20 247 24 190 46 236 54 160 82 224 105 76 180
000794 10 226 1 208 20 248 24 190 46 236 54 158 82 224 106 40 173 42 174 72 184
000795 9 226 1 208 22 248 26 189 48 236 55 158 84 199 102 222 108 70 188
000796 11 226 1 208 22 246 26 188 48 235 56 156 85 199 104 222 110 32 181 33 182 66 192
000797 8 226 2 208 22 246 26 188 47 235 56 156 86 222 112 62 194
000798 11 226 2 208 22 246 27 187 48 234 58 154 87 197 107 222 114 24 188 26 189 59 200
000799 9 226 2 208 23 246 28 186 48 234 58 154 88 220 115 21 194 56 203
000800 8 225 2 207 23 246 28 186 50 234 59 152 90 220 118 52 207
000801 9 226 2 206 24 246 29 186 50 234 60 152 90 220 120 12 201 48 209
000802 9 226 2 206 24 246 30 184 51 233 61 150 93 219 122 8 207 44 211
000803 9 226 2 206 24 246 30 184 52 233 62 150 94 218 124 42 212 2 213
000804 8 226 2 206 24 246 30 184 53 232 63 148 96 218 125 40 214
000805 9 226 2 205 26 246 31 183 53 232 64 147 98 192 121 218 128 39 216
000806 9 226 2 204 26 244 32 182 54 232 65 146 100 190 123 218 130 37 218
000807 8 226 2 204 27 244 32 181 55 232 66 145 102 216 132 35 221
000808 8 226 2 204 26 244 33 180 56 232 67 144 102 215 134 34 224
000809 9 226 3 203 28 244 34 180 56 230 68 142 104 187 129 216 137 30 226
000810 8 226 3 202 28 244 34 180 57 230 69 142 106 214 139 28 229
000811 9 226 3 203 28 243 34 178 58 230 70 140 108 186 134 214 142 26 232
000812 8 226 3 202 29 243 35 178 60 230 71 139 110 214 144 21 234
000813 8 226 4 202 29 243 36 178 60 229 72 138 110 212 146 14 237
000814 7 226 4 201 30 242 36 176 61 228 74 136 113 212 150
000815 7 226 4 200 30 242 38 176 62 228 74 134 114 212 152
000816 7 226 4 200 30 242 38 175 62 228 76 134 116 211 156
000817 7 226 4 200 32 242 38 174 63 227 77 132 118 210 158
000818 7 226 4 200 32 241 38 174 64 226 78 130 120 209 161
000819 7 226 4 198 32 240 40 172 64 226 80 129 122 208 164
000820 8 226 4 198 32 240 40 172 66 226 81 128 124 241 159 207 168
000821 7 226 4 198 33 240 41 172 66 226 82 126 126 207 171
000822 7 226 4 196 34 240 42 171 67 225 83 124 128 206 173
000823 7 226 5 196 34 240 42 170 68 224 85 122 130 206 176
000824 7 224 5 196 34 240 42 169 70 224 86 122 133 204 181
000825 8 224 5 196 34 240 42 168 70 223 87 92 127 119 135 204 184
000826 8 224 6 196 35 239 42 168 73 223 90 90 129 117 137 203 188
000827 8 224 6 195 36 239 44 167 74 222 90 88 132 116 140 202 192
000828 7 224 6 194 38 240 44 166 74 222 92 114 142 200 196
000829 8 224 6 194 38 239 45 166 76 222 94 82 137 112 144 200 202
000830 7 224 6 194 38 238 46 165 76 221 95 110 146 199 205
000831 7 224 6 193 38 238 47 164 77 220 97 108 148 198 207
000832 7 224 6 192 40 238 48 162 78 220 98 105 152 196 209
000833 7 224 6 192 40 237 49 162 79 219 100 103 156 195 211
000834 7 224 6 191 40 237 50 161 81 218 102 100 158 194 213
000835 8 224 6 190 42 237 50 160 82 195 95 218 104 98 160 192 216
000836 7 222 7 190 42 236 52 159 83 217 106 96 164 192 218
000837 7 223 7 190 42 236 52 158 84 217 107 94 166 190 220
000838 7 223 7 189 42 236 53 158 86 216 108 90 170 188 222
000839 7 222 8 188 44 236 54 156 86 216 110 88 174 187 225
000840 7 222 8 188 44 236 55 156 87 214 112 86 176 187 228
000841 7 222 8 186 45 235 56 154 87 214 114 83 181 186 230
000842 7 221 8 186 46 235 58 154 90 212 116 80 184 186 233
000843 7 221 8 185 46 234 58 153 92 212 118 77 187 184 236
000844 6 221 10 185 47 234 58 152 92 212 120 74 192
000845 6 221 10 184 48 234 60 150 95 210 122 70 195
000846 6 221 10 184 48 234 61 150 96 210 124 68 198
000847 7 220 11 182 49 233 62 148 98 182 117 209 126 64 200
000848 6 220 12 182 50 233 62 148 100 208 129 60 202
000849 6 220 12 182 51 232 64 146 101 207 130 57 204
000850 6 220 12 181 52 232 66 145 102 206 134 53 206
000851 6 220 12 180 52 232 66 144 104 206 136 49 207
000852 6 218 12 180 52 231 68 142 106 204 138 46 209
000853 6 218 14 178 54 230 68 142 106 204 141 44 211
000854 6 220 14 178 54 230 70 140 108 202 144 43 213
000855 6 219 14 177 56 230 71 138 110 202 146 42 216
000856 6 218 14 176 56 230 73 138 112 200 148 40 218
000857 6 218 14 176 56 230 74 136 113 199 150 38 220
000858 6 218 14 174 58 230 74 134 115 198 154 35 222
000859 6 218 15 174 58 229 76 133 118 196 157 32 224
000860 6 218 15 174 60 228 78 132 119 196 160 30 228
000861 6 216 16 172 61 228 79 130 122 194 164 26 230
000862 6 217 16 172 62 227 80 129 124 193 168 23 234
000863 6 217 16 170 62 227 82 127 126 192 170 18 237
000864 5 216 17 170 64 226 84 126 128 191 174
000865 5 215 17 168 64 226 84 124 129 189 178
000866 5 215 18 168 66 226 86 123 132 188 180
000867 5 214 18 167 68 226 87 121 134 186 184
000868 5 215 18 166 67 224 89 119 136 185 188
000869 5 214 18 165 68 224 91 118 139 184 194
000870 5 214 18 164 68 223 94 116 140 181 198
000871 5 214 20 164 70 223 95 114 144 180 202
000872 5 213 19 162 71 222 96 112 146 178 204
000873 5 213 20 162 72 221 98 110 148 176 207
000874 6 250 0 212 20 160 73 222 100 108 152 175 209
000875 6 254 0 212 20 160 75 221 102 106 153 173 211
000876 6 254 0 212 20 159 76 221 104 104 156 172 213
000877 8 222 0 254 0 212 22 158 77 219 106 100 159 170 215 128 216
000878 7 223 0 254 0 212 22 156 79 218 108 98 162 168 217
000879 7 223 0 254 0 211 22 156 80 218 110 96 164 166 220
000880 7 222 0 254 0 210 22 155 81 217 112 94 169 164 222
000881 8 223 0 255 0 210 23 154 82 192 108 216 114 91 172 162 225
000882 7 222 0 254 1 210 23 152 84 215 116 89 174 164 228
000883 8 223 0 254 1 210 24 151 84 188 112 214 118 86 178 163 231
000884 8 223 0 254 1 209 24 150 86 188 115 214 122 84 180 160 234
000885 8 224 0 255 1 208 26 148 87 186 117 214 125 80 184 157 237
000886 7 224 0 255 2 208 26 148 88 184 119 212 126 78 189
000887 7 224 0 255 2 208 26 147 90 183 121 211 130 74 192
000888 7 223 1 256 2 208 28 145 90 182 124 210 132 71 196
000889 6 223 1 255 2 206 27 144 90 209 135 68 202
000890 6 223 1 256 2 206 28 142 94 208 138 64 204
000891 7 222 2 256 2 206 28 142 96 206 139 23 200 60 207
000892 6 223 2 256 2 206 29 140 97 206 142 57 208
000893 6 223 2 255 2 206 30 138 98 204 146 53 210
000894 6 223 2 256 2 205 30 138 100 204 150 50 213
000895 6 223 2 255 2 205 30 136 102 202 152 46 215
000896 6 222 2 256 2 204 32 135 103 201 156 44 216
000897 6 222 2 256 3 203 32 133 104 200 158 42 219
000898 6 222 2 256 3 203 32 132 107 198 162 40 222
000899 6 222 2 256 4 202 32 130 108 197 166 38 225
000900 6 222 2 256 4 202 33 129 110 196 168 36 227
000901 6 224 2 256 4 202 34 128 112 194 172 33 229
000902 6 224 2 255 4 201 34 126 114 193 176 30 232
000903 7 222 3 256 4 200 34 124 116 156 171 192 180 28 236
000904 6 223 3 255 4 200 35 122 117 190 183 22 238
000905 5 222 3 255 4 199 36 120 120 188 187
000906 5 222 3 255 4 199 36 119 122 187 192
000907 5 223 3 255 4 198 37 117 124 185 196
000908 5 223 4 255 5 198 38 115 126 184 200
000909 5 223 4 255 5 198 37 113 128 182 202
000910 6 222 4 255 5 197 38 88 121 112 130 180 204
000911 5 222 4 254 6 197 38 110 132 178 207
000912 5 223 4 254 6 197 38 108 134 176 209
000913 5 222 4 254 6 196 40 106 136 174 212
000914 5 222 4 254 6 196 40 103 138 172 214
000915 6 222 4 254 6 196 41 74 132 101 141 169 217
000916 5 222 4 255 6 195 41 99 144 168 220
000917 6 222 5 254 6 194 42 68 136 97 146 168 221
000918 5 221 5 254 6 194 44 94 150 166 224
000919 5 221 6 254 6 192 44 92 152 164 228
000920 5 221 6 254 7 192 44 90 156 162 230
000921 5 221 6 254 7 192 44 88 158 161 234
000922 5 221 6 254 8 192 45 84 161 158 237
000923 5 221 6 254 8 191 46 52 152 82 164
000924 5 221 6 254 8 190 46 48 154 80 166
000925 5 221 6 254 8 190 47 45 158 76 169
000926 5 221 6 254 8 189 48 43 161 74 174
000927 4 221 6 254 8 188 48 70 176
000928 5 220 6 254 9 245 18 188 49 68 180
000929 4 221 6 254 9 187 51 65 184
000930 4 220 7 254 9 186 52 62 187
000931 4 220 7 252 9 186 52 58 191
000932 4 220 7 254 10 186 52 54 194
000933 4 220 8 253 10 186 54 51 197
000934 4 220 8 254 10 184 54 48 200
000935 5 220 9 252 10 319 25 184 55 46 203
000936 6 218 10 252 10 319 14 318 22 183 55 42 204
000937 6 218 10 253 10 319 14 318 23 182 56 40 206
000938 5 218 10 253 10 318 19 182 58 38 208
000939 5 218 10 252 11 318 19 181 58 36 210
000940 5 218 10 252 11 318 18 180 60 34 212
000941 5 218 11 252 12 318 17 180 60 33 214
000942 5 252 12 217 12 318 17 178 62 32 216
000943 5 217 12 252 12 318 16 178 62 29 218
000944 5 217 12 252 12 318 16 178 64 28 220
000945 5 216 12 252 12 318 16 176 64 25 222
000946 5 252 12 216 13 318 16 176 65 22 226
000947 5 216 13 252 13 318 14 175 66 20 228
000948 5 216 13 252 13 318 14 174 67 16 230
000949 5 252 14 318 14 216 14 174 68 14 233
000950 5 318 13 252 14 215 14 173 68 10 236
000951 4 317 13 252 14 215 15 172 70
000952 4 317 12 252 14 214 15 172 70
000953 4 317 12 252 14 214 15 170 72
000954 4 317 12 252 14 214 16 170 74
000955 4 316 12 252 15 214 16 169 74
000956 4 316 12 252 15 213 16 168 76
000957 4 316 11 252 16 213 16 168 77
000958 4 316 10 252 16 212 16 166 78
000959 4 316 10 252 16 212 17 165 79
000960 4 316 9 251 16 212 18 164 80
000961 4 316 9 252 16 212 18 164 82
000962 4 316 8 251 17 211 18 162 83
000963 4 316 8 250 18 210 19 162 84
000964 4 316 8 250 18 210 19 161 86
000965 4 316 6 250 18 210 19 160 87
000966 4 316 6 250 18 210 20 160 88
000967 4 315 6 251 18 210 20 158 90
000968 4 316 6 250 18 209 20 158 91
000969 4 315 6 250 18 209 21 156 92
000970 4 315 6 250 19 208 22 156 94
000971 4 315 6 250 19 208 22 154 94
000972 5 223 0 315 6 250 19 208 22 152 96
000973 5 223 0 314 6 250 19 207 22 151 98
000974 5 224 0 315 5 250 20 206 22 150 99
000975 5 223 0 314 5 250 20 206 24 149 101
000976 5 223 0 314 5 249 20 206 24 148 102
000977 5 223 0 314 4 250 20 205 24 146 104
000978 5 223 0 314 4 249 21 205 25 146 106
000979 5 223 0 314 4 248 21 204 25 144 108
000980 5 223 0 314 4 249 21 204 26 143 108
000981 5 223 1 314 4 248 22 204 26 142 111
000982 5 222 1 314 4 249 22 203 26 140 112
000983 5 222 1 314 4 248 23 202 27 139 114
000984 5 223 1 314 4 248 22 202 28 138 115
000985 5 223 2 314 4 248 24 202 28 136 117
000986 5 223 2 314 3 248 24 202 28 134 119
000987 5 223 2 314 3 248 24 200 29 133 121
000988 5 223 2 314 3 248 24 200 30 131 123
000989 5 222 2 314 2 248 27 200 30 129 126
000990 6 223 2 314 2 255 13 200 30 244 40 128 126
000991 6 223 2 314 2 254 14 199 31 243 40 126 128
000992 6 222 2 314 2 255 14 199 32 244 41 124 132
000993 6 313 2 222 2 255 14 198 32 243 42 122 134
000994 6 313 2 223 2 255 14 198 32 242 42 120 137
000995 6 313 2 223 2 254 14 198 32 242 44 118 138
000996 6 313 2 223 2 254 16 196 34 242 45 116 142
000997 6 313 2 222 3 254 16 197 34 242 46 115 144
000998 6 312 2 222 3 254 16 196 34 241 46 112 147
000999 6 312 2 222 3 254 16 196 35 240 48 110 150
001000 6 312 1 222 3 254 18 195 36 240 48 108 152
001001 6 312 1 222 4 254 18 194 36 240 48 107 155
001002 6 312 1 222 4 254 18 194 36 240 50 104 157
001003 6 312 0 222 4 254 18 193 38 240 50 102 160
001004 7 312 0 222 4 254 19 194 37 240 52 70 156 99 163
001005 6 312 0 222 4 253 19 194 36 239 52 96 166
001006 6 312 0 222 4 253 20 193 38 240 53 95 170
001007 6 310 0 222 4 252 20 192 38 238 54 92 172
001008 7 250 0 310 0 222 4 253 21 192 40 238 56 90 176
001009 8 252 0 310 0 222 4 253 22 191 40 238 56 54 172 86 180
001010 8 252 0 310 0 222 4 252 22 190 40 238 58 50 175 82 182
001011 7 252 0 221 5 252 22 190 42 236 58 48 178 80 186
001012 7 252 0 222 6 252 22 190 42 236 59 220 74 77 191
001013 7 252 0 221 6 252 23 190 42 236 60 40 186 75 194
001014 7 253 0 221 6 252 24 188 42 236 62 36 190 72 200
001015 6 254 0 222 6 252 24 188 44 236 64 68 204
001016 6 253 1 221 6 252 25 187 44 236 64 65 204
001017 6 253 1 222 6 252 26 187 46 234 66 62 206
001018 6 254 1 221 6 251 26 186 46 234 68 58 208
001019 7 254 1 221 6 213 13 250 26 186 48 234 68 55 210
001020 7 254 1 221 6 250 26 185 48 234 70 52 212 10 218
001021 6 254 2 220 6 250 28 184 48 234 70 50 214
001022 6 254 2 220 6 250 28 184 50 233 72 46 216
001023 6 254 2 220 6 250 29 184 50 232 73 44 218
001024 6 254 2 220 7 250 30 183 50 232 75 42 222
001025 7 254 2 220 7 250 28 182 51 210 70 231 76 38 223
001026 6 254 2 220 7 250 29 182 53 231 78 36 225
001027 6 254 2 220 8 250 30 182 53 230 80 35 226
001028 6 255 2 220 8 250 30 180 54 230 81 32 230
001029 6 254 2 219 8 249 31 180 56 229 82 28 232
001030 6 254 2 220 8 249 32 179 56 229 83 24 236
001031 7 254 2 218 8 249 32 178 57 206 79 229 84 20 239
001032 5 255 3 218 8 248 33 178 58 228 86
001033 6 255 3 218 8 248 34 177 58 204 82 228 88
001034 5 255 3 218 8 248 34 176 58 226 90
001035 6 255 4 218 8 209 18 248 34 176 60 226 92
001036 7 255 4 218 9 248 35 175 61 249 86 202 87 226 94
001037 5 255 4 217 10 248 36 174 62 224 96
001038 5 256 4 218 9 248 37 173 64 224 97
001039 6 256 4 218 10 248 38 172 64 200 93 224 100
001040 6 256 4 218 10 246 38 172 64 198 95 223 102
001041 6 255 4 216 10 246 39 171 66 198 96 222 104
001042 7 255 4 216 10 246 39 170 67 195 98 197 99 221 106
001043 7 255 4 216 10 246 40 170 68 194 100 196 101 221 108
001044 5 255 5 216 10 246 40 168 69 220 109
001045 5 255 5 216 10 246 42 168 70 219 112
001046 6 255 5 216 10 245 42 167 72 192 106 219 114
001047 5 255 5 216 12 245 44 166 73 217 116
001048 5 254 6 216 12 245 45 164 74 216 118
001049 5 254 6 216 12 245 46 164 76 216 121
001050 5 254 6 216 13 244 46 163 77 215 124
001051 5 254 6 215 14 244 46 162 78 214 126
001052 5 254 6 214 14 244 48 161 78 213 130
001053 5 254 6 214 14 243 48 160 80 212 132
001054 5 254 6 214 15 242 49 159 82 211 135
001055 5 254 6 214 16 243 50 158 83 210 139
001056 5 254 6 214 16 242 51 157 84 209 141
001057 5 254 7 214 16 243 52 156 85 208 145
001058 5 254 7 213 16 242 52 154 86 207 149
001059 6 254 7 213 16 242 54 154 87 174 142 206 151
001060 5 254 8 213 17 242 54 152 88 204 156
001061 5 254 8 212 17 242 55 151 90 204 161
001062 5 255 8 212 18 241 56 150 92 202 164
001063 5 255 8 212 18 240 58 149 94 200 168
001064 5 255 8 211 19 240 58 147 95 200 172
001065 5 254 8 210 20 240 59 146 97 198 175
001066 5 255 9 210 20 240 60 144 99 197 180
001067 5 255 9 210 20 240 62 143 100 196 184
001068 5 254 10 210 21 239 62 142 102 194 189
001069 5 254 10 210 21 238 64 141 104 192 195
001070 5 255 10 210 22 238 64 139 105 190 198
001071 5 255 11 210 22 238 66 138 108 189 202
001072 5 255 11 208 22 238 66 136 108 187 204
001073 5 254 12 208 24 238 68 134 111 185 207
001074 5 254 12 208 24 238 68 133 113 183 208
001075 5 254 12 208 24 236 70 132 114 180 211
001076 5 254 12 207 24 236 71 130 116 178 214
001077 5 254 12 208 24 236 72 128 118 176 216
001078 5 254 13 208 24 236 74 126 120 174 220
001079 5 254 13 206 26 236 74 124 122 177 224
001080 5 254 14 206 26 234 76 122 126 174 226
001081 5 254 14 206 27 234 78 122 128 170 228
001082 5 254 14 206 26 233 79 119 130 168 233
001083 5 254 14 206 28 234 80 118 132 167 236
001084 4 254 15 205 28 232 82 116 134
001085 4 253 15 205 28 232 82 114 138
001086 4 253 16 204 28 231 84 112 140
001087 4 253 16 204 30 230 86 109 143
001088 4 253 16 204 30 230 88 107 146
001089 4 252 17 204 31 229 90 105 149
001090 4 252 18 203 31 229 91 102 152
001091 4 253 18 202 32 230 92 100 155
001092 4 253 18 202 32 228 94 98 158
001093 4 253 18 201 33 228 96 95 161
001094 4 252 19 200 34 227 98 92 164
001095 4 252 19 200 34 226 100 90 167
001096 4 252 20 200 34 226 102 87 170
001097 4 252 20 199 36 225 104 84 174
001098 4 252 21 199 36 224 105 82 179
001099 4 252 21 198 36 224 107 78 182
001100 4 252 21 198 36 224 109 76 186
001101 4 252 22 196 36 224 111 72 190
001102 4 251 22 196 38 222 112 69 195
001103 5 251 22 195 38 194 110 222 115 66 200
001104 4 250 23 194 39 220 117 62 203
001105 4 250 23 194 40 220 120 58 205
001106 4 250 24 194 40 220 122 54 207
001107 4 250 24 193 41 219 124 50 208
001108 4 250 24 192 42 218 127 47 211
001109 5 248 26 192 42 187 124 218 128 44 213
001110 4 250 26 190 43 216 130 42 216
001111 4 248 26 190 44 216 134 40 218
001112 4 248 27 190 44 215 137 38 220
001113 4 248 28 189 45 214 140 36 224
001114 4 248 28 188 46 213 142 33 227
001115 4 248 28 188 46 212 146 30 230
001116 4 248 30 188 47 211 150 26 232
001117 4 248 30 186 48 210 152 22 236
001118 3 247 30 186 48 209 156
001119 3 248 30 186 49 208 160
001120 3 246 31 184 50 207 162
001121 3 247 30 184 50 206 166
001122 3 246 32 184 52 204 170
001123 3 246 32 182 52 204 174
001124 3 246 33 182 54 202 178
001125 3 245 33 182 54 201 182
001126 3 245 34 181 54 199 186
001127 3 245 35 180 56 198 190
001128 3 244 36 179 56 196 194
001129 3 244 36 178 58 195 198
001130 3 244 36 178 58 193 200
001131 4 220 0 244 38 176 59 192 202
001132 4 222 0 243 38 176 60 190 204
001133 4 222 0 242 38 175 62 188 206
001134 4 223 0 242 38 174 62 186 208
001135 4 224 0 242 40 173 64 184 211
001136 4 223 0 241 40 173 64 182 212
001137 5 223 0 241 42 172 66 186 216 132 237
001138 4 223 0 240 42 171 67 182 218
001139 4 223 0 240 42 170 68 181 220
001140 4 223 0 238 44 169 68 180 224
001141 4 224 0 239 44 168 70 177 226
001142 4 224 1 238 44 166 71 176 230
001143 4 224 1 238 45 166 72 174 233
001144 4 224 1 237 46 165 73 172 236
001145 3 224 1 236 47 164 74
001146 3 224 2 235 48 163 76
001147 3 224 2 236 49 162 76
001148 3 224 2 234 50 160 78
001149 3 224 2 234 50 159 78
001150 3 224 2 233 51 159 80
001151 3 224 2 232 52 158 81
001152 3 224 2 231 52 156 83
001153 3 224 2 230 54 156 84
001154 3 224 2 230 54 154 86
001155 3 224 2 228 55 152 87
001156 3 224 2 228 56 151 88
001157 3 224 2 227 57 150 90
001158 3 224 2 226 58 148 91
001159 3 224 3 225 59 147 93
001160 3 224 3 224 60 146 94
001161 3 224 3 224 60 144 96
001162 3 224 3 222 62 143 97
001163 3 224 4 222 62 141 98
001164 3 224 4 220 64 140 101
001165 4 224 4 220 65 116 95 138 102
001166 3 224 4 218 66 137 104
001167 3 224 4 218 66 135 106
001168 3 223 4 216 68 134 108
001169 3 224 4 215 68 132 110
001170 3 224 4 214 70 130 112
001171 4 223 4 212 71 104 105 128 114
001172 3 223 5 212 72 126 115
001173 3 224 5 210 73 124 117
001174 3 223 6 210 74 123 120
001175 3 223 6 208 75 121 121
001176 3 224 6 206 77 118 124
001177 3 224 6 205 78 116 126
001178 4 223 6 204 79 114 128 136 154
001179 3 223 6 202 79 112 132
001180 3 223 6 201 82 110 134
001181 3 224 6 200 84 108 136
001182 4 224 6 198 84 78 128 105 136
001183 3 223 6 197 86 103 142
001184 4 223 6 195 88 72 134 100 144
001185 5 223 6 171 82 194 90 68 138 98 146
001186 3 223 7 192 90 95 150
001187 5 251 0 222 7 190 92 60 143 92 153
001188 5 251 0 222 7 188 94 57 145 90 155
001189 7 251 0 222 8 164 88 187 94 54 149 56 150 86 158
001190 5 251 0 222 8 185 96 51 152 84 162
001191 5 252 0 222 8 160 91 184 98 81 165
001192 4 252 1 222 8 182 100 78 167
001193 6 252 1 222 8 180 102 38 161 41 162 74 172
001194 4 252 1 222 8 178 102 71 175
001195 6 253 1 222 8 152 98 176 105 33 168 68 180
001196 5 253 1 222 8 149 99 174 106 64 183
001197 5 253 1 222 9 146 101 172 108 60 187
001198 5 253 2 222 9 144 103 170 110 56 190
001199 5 253 2 222 9 142 105 168 112 52 197
001200 5 253 2 222 9 140 107 166 114 49 198
001201 5 253 2 222 11 138 109 164 116 44 200
001202 5 253 2 222 11 134 110 161 118 42 202
001203 5 253 2 222 11 132 112 158 120 40 204
001204 6 254 2 221 12 129 114 130 115 156 122 38 206
001205 5 254 2 221 12 126 117 154 124 36 208
001206 5 254 2 220 12 124 119 152 126 34 210
001207 5 254 2 220 12 120 121 149 128 32 212
001208 4 254 2 220 12 147 132 30 215
001209 4 254 2 220 12 144 134 28 218
001210 4 254 2 220 12 142 136 26 220
001211 4 254 2 220 12 139 138 22 224
001212 4 254 3 220 13 136 140 20 226
001213 4 254 3 220 13 134 145 15 229
001214 4 254 3 218 14 130 147 12 232
001215 5 254 4 218 14 97 142 128 150 8 234
001216 4 254 4 218 14 125 153 0 239
001217 3 254 4 218 15 121 156
001218 3 254 4 218 16 118 158
001219 3 254 4 218 16 115 162
001220 3 254 4 218 16 112 166
001221 3 254 4 218 16 108 168
001222 3 254 4 216 16 104 172
001223 3 254 4 216 16 101 176
001224 3 254 4 217 18 98 180
001225 3 254 4 216 18 94 184
001226 3 254 5 217 18 90 188
001227 3 254 5 216 18 86 190
001228 3 254 5 216 18 82 196
001229 3 254 6 216 19 78 198
001230 3 254 6 216 20 73 198
001231 3 254 6 214 20 69 201
001232 3 254 6 214 20 64 204
001233 3 254 6 214 20 60 204
001234 3 255 6 213 21 56 206
001235 3 255 6 214 22 52 208
001236 3 255 6 213 22 46 210
001237 3 254 6 213 22 45 212
001238 3 254 7 212 23 42 215
001239 3 254 7 212 24 39 216
001240 3 254 7 212 24 36 219
001241 3 254 8 211 24 33 222
001242 3 254 8 211 24 31 226
001243 3 254 8 210 25 27 228
001244 4 223 0 254 8 210 26 22 231
001245 4 224 0 254 8 210 26 17 235
001246 4 223 0 254 8 209 28 12 236
001247 4 223 0 254 8 209 28 9 238
001248 3 223 0 254 8 208 28
001249 3 223 0 254 9 208 28
001250 3 223 0 254 9 208 28
001251 3 222 1 254 9 207 28
001252 3 222 1 254 9 207 30
001253 3 222 1 254 10 206 30
001254 3 224 1 254 10 205 31
001255 3 223 1 254 10 205 32
001256 3 223 1 254 10 204 32
001257 3 224 2 254 12 204 32
001258 3 223 2 254 12 204 32
001259 3 223 2 253 12 203 34
001260 3 224 2 253 12 202 34
001261 3 224 2 252 12 202 34
001262 3 223 2 253 12 202 35
001263 3 224 2 252 14 201 35
001264 3 223 2 252 14 200 36
001265 3 223 2 252 14 200 36
001266 3 224 2 252 14 200 37
001267 3 224 2 252 15 200 38
001268 3 223 2 252 15 199 38
001269 3 223 2 252 16 198 40
001270 3 223 3 252 16 198 40
001271 3 223 3 252 16 197 40
001272 3 223 3 252 17 196 41
001273 3 223 3 251 17 196 41
001274 3 223 4 251 18 196 42
001275 3 223 4 251 18 194 42
001276 3 223 4 251 18 194 43
001277 3 222 4 250 19 194 44
001278 3 222 4 250 19 193 45
001279 3 222 4 250 20 192 45
001280 3 223 4 250 20 192 46
001281 3 222 4 250 20 192 46
001282 3 222 4 250 21 190 47
001283 3 222 4 249 22 190 48
001284 3 222 5 250 22 190 48
001285 3 222 5 249 21 190 49
001286 3 222 6 248 22 188 50
001287 3 222 6 249 22 188 50
001288 3 222 6 248 22 187 52
001289 3 222 6 248 24 186 52
001290 3 222 6 248 24 186 54
001291 3 221 6 248 24 185 54
001292 3 222 6 247 26 184 55
001293 3 222 6 247 24 184 56
001294 3 222 6 246 25 184 56
001295 3 221 6 246 26 183 57
001296 3 221 6 246 26 182 58
001297 3 221 6 246 28 181 58
001298 3 221 7 246 28 180 60
001299 3 221 7 246 28 180 60
001300 3 221 7 245 28 180 61
001301 3 221 8 245 30 178 62
001302 3 221 8 245 30 178 62
001303 3 221 8 244 31 177 64
001304 3 220 8 244 32 176 65
001305 3 220 8 244 32 175 66
001306 3 220 8 244 32 174 67
001307 4 247 0 220 8 244 32 174 68
001308 4 250 0 220 8 243 34 173 70
001309 4 250 0 220 8 243 34 172 70
001310 4 251 0 220 9 242 34 171 71
001311 4 251 0 220 9 242 34 170 72
001312 4 252 0 220 9 242 35 169 74
001313 4 252 0 218 10 242 36 168 74
001314 5 252 0 219 10 241 37 149 68 168 76
001315 5 252 0 219 10 241 38 148 69 166 77
001316 4 252 1 218 10 240 38 166 78
001317 4 252 1 218 10 240 39 164 79
001318 4 252 1 218 10 240 40 164 80
001319 5 252 1 218 10 239 40 144 74 162 82
001320 4 252 2 218 10 239 41 162 84
001321 4 252 2 218 10 238 42 160 84
001322 4 252 2 218 11 238 42 160 86
001323 4 252 2 218 11 238 42 159 86
001324 5 252 2 218 11 205 23 238 43 158 88
001325 4 252 2 218 12 238 44 156 89
001326 4 253 2 217 12 237 43 156 90
001327 5 253 2 217 12 204 24 237 44 154 92
001328 4 252 2 216 12 237 44 153 93
001329 4 254 2 216 12 236 46 152 94
001330 4 254 2 216 12 236 48 150 96
001331 4 254 2 216 12 236 48 149 98
001332 5 254 3 216 12 235 48 126 91 148 100
001333 4 254 3 214 13 234 49 146 101
001334 4 254 3 216 13 234 49 146 102
001335 4 254 3 215 14 234 50 144 104
001336 4 254 4 214 14 234 50 142 106
001337 4 254 4 215 14 233 52 140 108
001338 4 254 4 214 14 232 52 139 110
001339 5 254 4 246 8 214 14 232 52 138 112
001340 4 253 4 213 14 232 53 136 114
001341 4 253 4 213 14 232 55 135 115
001342 4 253 4 213 15 232 56 133 117
001343 4 252 4 212 16 231 56 132 119
001344 4 252 4 212 17 231 58 130 121
001345 4 253 4 212 17 230 58 128 124
001346 5 252 5 212 18 230 58 101 113 126 126
001347 4 253 5 212 18 230 60 124 128
001348 5 253 5 212 18 229 60 96 119 122 130
001349 4 253 5 211 18 230 61 120 132
001350 5 252 6 210 19 229 64 92 123 118 134
001351 4 253 6 210 19 228 64 116 137
001352 5 252 6 210 20 228 64 86 129 114 140
001353 6 252 6 210 19 228 66 83 131 85 132 112 142
001354 6 253 6 210 19 227 67 81 134 82 135 110 144
001355 6 253 6 210 20 227 68 78 136 80 137 107 148
001356 5 252 6 210 20 226 70 78 137 106 150
001357 5 252 6 209 20 226 71 74 141 104 153
001358 4 252 6 208 20 226 72 101 156
001359 6 252 6 208 21 226 72 68 146 70 147 98 158
001360 5 252 7 208 22 226 74 66 148 96 161
001361 5 252 7 208 22 224 75 62 152 93 164
001362 4 252 8 207 22 224 76 90 168
001363 4 252 8 207 24 224 77 88 170
001364 4 252 8 207 24 222 78 84 174
001365 4 252 8 206 24 222 79 82 178
001366 4 251 8 206 24 222 80 78 181
001367 4 251 8 206 25 222 79 76 184
001368 4 252 8 205 26 221 83 73 188
001369 5 251 8 204 26 200 78 221 84 69 194
001370 4 251 8 204 26 220 86 66 197
001371 4 250 8 204 26 220 87 62 198
001372 4 250 9 204 26 219 88 58 200
001373 5 250 9 203 28 197 83 219 90 54 202
001374 4 250 10 202 27 218 91 50 204
001375 4 250 10 202 28 218 92 46 206
001376 4 250 10 202 29 218 94 44 208
001377 4 250 10 202 29 216 96 43 210
001378 4 249 10 202 28 216 97 41 212
001379 4 249 10 201 30 216 98 40 214
001380 4 250 10 200 30 214 100 38 216
001381 5 249 10 200 31 192 94 215 102 36 218
001382 4 250 11 200 31 214 104 33 220
001383 5 249 11 200 32 190 97 214 105 30 224
001384 4 249 11 199 32 212 106 28 226
001385 5 248 12 209 21 192 42 212 108 24 230
001386 6 248 12 208 22 199 31 192 42 212 110 20 232
001387 4 249 12 198 34 212 111 16 236
001388 4 248 12 196 35 210 113 8 239
001389 5 248 12 207 24 190 44 185 107 211 114
001390 3 248 12 196 36 208 116
001391 3 248 12 196 36 208 118
001392 3 248 13 195 38 207 120
001393 6 248 13 206 25 194 34 188 47 181 114 208 122
001394 5 248 13 205 26 194 35 187 48 206 125
001395 5 248 14 206 26 186 49 179 118 206 127
001396 3 248 14 194 39 204 129
001397 4 248 14 204 26 186 51 204 131
001398 4 247 14 204 28 185 52 203 134
001399 5 248 14 203 28 184 52 174 126 203 136
001400 4 247 14 202 28 184 54 201 137
001401 4 247 14 202 28 183 54 200 140
001402 4 246 15 202 30 182 54 200 144
001403 4 246 15 202 30 182 56 198 146
001404 4 246 16 202 30 180 56 198 148
001405 4 246 16 200 31 180 56 196 150
001406 4 246 16 200 31 179 57 196 154
001407 4 246 16 200 32 179 58 194 156
001408 4 246 18 199 33 178 60 193 160
001409 5 246 18 199 33 232 34 178 61 192 162
001410 4 245 19 198 34 177 62 191 166
001411 4 245 19 198 35 176 63 190 168
001412 4 245 20 198 35 176 64 189 172
001413 4 244 20 198 35 175 64 188 175
001414 4 244 21 198 36 174 66 186 178
001415 4 245 21 196 36 174 66 185 182
001416 4 244 22 196 36 172 66 184 186
001417 4 244 22 195 37 172 68 182 190
001418 4 244 22 195 37 171 68 180 193
001419 4 242 23 194 38 170 70 180 198
001420 4 244 23 194 39 170 70 178 199
001421 4 244 24 194 39 169 72 176 201
001422 4 242 24 194 40 168 73 175 202
001423 4 243 25 194 40 168 74 173 204
001424 4 242 26 192 41 167 76 172 206
001425 5 248 0 242 26 192 42 166 76 170 208
001426 5 249 0 242 26 192 43 165 78 168 210
001427 5 249 0 242 26 191 43 164 80 166 212
001428 5 249 0 242 27 191 44 163 80 164 214
001429 5 249 0 242 28 190 44 162 82 162 216
001430 5 250 0 242 28 190 44 161 82 160 218
001431 7 250 0 242 28 189 45 160 84 162 221 118 239 123 239
001432 6 250 0 242 28 188 46 158 86 162 224 123 237
001433 5 250 1 242 30 188 46 158 86 159 226
001434 5 250 1 242 30 188 47 157 87 157 228
001435 6 250 1 242 31 187 47 156 88 155 231 121 237
001436 5 250 1 241 31 186 48 154 90 153 234
001437 5 250 2 241 32 186 49 154 91 152 236
001438 4 250 2 241 32 184 50 153 92
001439 4 250 2 241 32 184 50 152 94
001440 4 250 2 240 32 184 50 150 96
001441 4 250 2 241 34 182 52 150 98
001442 5 218 0 250 2 240 34 182 52 148 98
001443 5 223 0 250 2 240 34 182 53 147 100
001444 5 223 0 250 2 240 35 181 54 146 102
001445 5 223 0 250 2 239 36 180 54 144 104
001446 5 223 0 250 2 239 36 180 56 143 106
001447 5 223 0 250 2 238 36 179 56 142 108
001448 5 223 0 250 2 238 38 178 57 140 109
001449 5 223 0 250 2 238 39 177 58 138 111
001450 5 223 0 250 3 238 40 176 60 138 112
001451 5 222 1 250 3 238 40 176 60 136 114
001452 5 222 1 250 4 238 42 175 61 134 116
001453 5 222 1 250 4 238 42 174 62 132 118
001454 5 222 1 250 4 238 42 174 62 132 120
001455 5 222 2 250 4 238 43 172 62 130 122
001456 5 222 2 250 4 237 44 172 64 128 124
001457 5 222 2 250 4 238 44 170 65 126 127
001458 5 222 2 251 4 237 44 170 65 124 128
001459 5 222 2 251 4 236 46 170 68 122 130
001460 5 222 2 251 4 236 46 168 68 121 134
001461 5 222 2 251 4 236 47 168 69 119 136
001462 5 222 2 251 4 236 48 167 70 117 138
001463 5 222 2 250 5 236 48 166 70 115 140
001464 5 222 2 250 5 236 50 166 72 113 142
001465 5 223 2 251 5 236 50 164 73 111 146
001466 6 222 2 250 6 235 51 164 74 81 139 108 148
001467 5 223 2 250 6 235 52 162 74 107 150
001468 5 223 2 251 6 235 52 162 76 104 154
001469 5 223 2 250 6 235 53 160 77 102 156
001470 5 223 3 251 6 234 54 160 78 100 158
001471 6 223 3 251 6 234 55 158 80 66 153 98 162
001472 6 223 3 250 6 234 56 158 81 62 155 95 165
001473 5 223 3 251 6 234 56 156 82 92 168
001474 5 222 4 251 6 234 58 156 83 90 171
001475 5 222 4 251 7 232 58 154 84 88 174
001476 5 222 4 251 7 232 59 153 86 84 178
001477 5 223 4 251 7 233 60 152 88 82 182
001478 6 223 4 250 8 211 57 232 61 151 89 79 184
001479 5 223 4 250 8 232 62 150 90 76 190
001480 5 222 4 250 8 232 63 148 92 72 192
001481 6 222 4 250 8 210 60 232 64 148 92 69 196
001482 5 222 4 250 8 231 65 146 94 66 200
001483 5 222 4 250 8 230 66 145 96 62 205
001484 5 223 5 250 8 230 67 144 96 59 208
001485 5 223 5 250 8 230 68 142 98 56 209
001486 5 222 5 250 8 230 69 141 100 52 211
001487 5 222 5 250 9 229 70 140 101 49 213
001488 5 222 6 250 9 229 72 138 102 45 215
001489 5 222 6 250 9 228 72 138 104 44 218
001490 5 222 6 250 10 228 73 136 106 42 219
001491 5 222 6 250 10 227 74 134 108 40 220
001492 5 222 6 250 10 227 75 134 109 38 223
001493 5 222 6 249 10 226 77 132 111 35 224
001494 5 222 6 250 10 226 78 130 112 32 230
001495 5 222 6 249 10 226 79 128 115 29 232
001496 5 222 6 250 10 225 80 128 117 24 234
001497 5 222 6 249 11 224 82 125 118 22 238
001498 4 221 6 249 11 224 84 124 120
001499 5 222 7 250 11 319 26 222 84 122 122
001500 4 222 7 249 12 222 86 119 124
001501 4 221 7 248 12 222 86 118 127
001502 4 221 7 248 12 221 89 116 128
001503 4 221 8 248 12 220 90 114 130
001504 4 221 8 248 12 220 92 112 134
001505 4 221 8 248 12 219 94 111 136
001506 4 220 8 249 12 218 95 108 138
001507 4 220 8 248 13 218 97 106 140
001508 5 220 8 248 13 319 22 217 98 104 142
001509 4 220 8 248 14 216 100 102 145
001510 4 220 8 248 14 215 102 100 148
001511 4 220 8 248 14 214 103 98 150
001512 4 220 8 248 14 214 105 96 154
001513 5 219 9 248 14 319 18 213 107 93 156
001514 5 218 9 248 14 319 18 212 108 90 158
001515 5 218 9 248 14 319 17 212 110 88 162
001516 6 319 6 218 9 248 15 319 17 210 112 86 164
001517 7 319 5 218 10 247 16 319 16 210 114 54 156 83 168
001518 5 218 10 319 14 248 16 209 116 80 171
001519 6 319 4 218 10 248 15 319 16 208 118 77 174
001520 5 218 12 319 15 248 16 206 122 74 178
001521 5 218 12 319 15 248 16 206 124 71 181
001522 5 218 12 319 14 248 16 204 126 67 186
001523 6 217 13 319 14 248 16 204 128 34 177 65 188
001524 7 217 13 319 14 248 16 202 130 27 180 29 181 62 192
001525 7 216 13 319 14 247 16 202 132 26 184 28 185 58 197
001526 6 319 13 216 14 246 16 200 136 20 189 54 200
001527 6 319 14 216 14 247 17 199 137 16 194 51 204
001528 5 216 14 319 14 247 18 198 141 48 207
001529 6 319 13 216 14 247 18 197 142 8 201 42 210
001530 6 319 14 215 14 247 19 196 147 2 206 41 210
001531 5 319 13 216 14 247 19 195 148 40 212
001532 5 319 12 214 16 247 20 194 151 38 215
001533 5 319 12 214 16 246 19 192 154 36 217
001534 5 319 13 214 16 247 19 191 156 34 219
001535 5 319 12 214 16 246 20 190 160 32 220
001536 5 319 12 214 16 246 20 188 163 30 224
001537 5 319 12 214 17 246 20 187 166 28 226
001538 4 213 18 246 21 186 172 25 230
001539 4 213 18 246 21 184 172 22 232
001540 4 213 18 246 22 182 178 16 234
001541 4 213 18 246 22 181 182 10 238
001542 3 212 18 246 21 180 184
001543 3 212 18 246 22 178 185
001544 3 212 18 246 22 176 186
001545 3 212 19 246 24 174 188
001546 3 212 20 245 24 172 190
001547 3 212 20 246 24 170 191
001548 3 210 20 246 24 168 193
001549 3 211 20 246 24 166 194
001550 3 210 21 245 25 164 196
001551 3 210 21 245 25 162 198
001552 3 209 21 244 26 160 200
001553 4 208 22 244 26 319 28 158 202
001554 4 208 23 244 26 162 204 102 238
001555 4 208 23 244 26 319 27 158 207
001556 4 208 23 244 26 319 27 156 208
001557 4 207 24 319 26 244 28 155 211
001558 4 208 24 319 26 244 28 152 214
001559 4 319 20 207 24 244 28 151 216
001560 4 318 20 207 24 244 28 148 219
001561 4 319 19 206 24 244 28 144 222
001562 4 319 18 206 26 243 29 144 224
001563 4 318 18 206 26 242 29 141 228
001564 4 318 18 206 27 242 30 138 231
001565 5 318 18 206 27 242 30 158 234 108 237
001566 4 318 17 205 28 242 31 154 236
001567 3 318 16 204 28 242 31
001568 4 226 0 318 16 204 28 242 31
001569 4 226 0 318 15 204 28 242 32
001570 4 226 0 318 15 203 29 242 32
001571 4 226 0 318 14 203 28 241 33
001572 4 226 0 318 13 202 30 240 34
001573 4 226 0 318 14 202 30 240 34
001574 4 226 0 318 13 202 31 240 36
001575 4 226 0 318 12 202 31 240 37
001576 4 226 0 318 12 200 32 240 37
001577 4 226 0 318 12 200 32 240 38
001578 4 226 0 318 12 200 32 239 39
001579 4 226 0 318 11 200 34 239 40
001580 4 226 0 317 11 199 34 238 41
001581 4 226 1 317 10 198 34 238 41
001582 4 226 1 317 10 198 34 238 42
001583 4 226 1 317 10 198 35 238 42
001584 4 226 1 316 10 198 36 238 43
001585 4 226 1 317 10 197 36 237 44
001586 4 226 2 316 8 196 38 237 45
001587 4 226 2 316 8 196 38 236 46
001588 4 226 2 316 8 195 38 236 46
001589 4 226 2 316 7 195 39 236 47
001590 4 226 2 316 7 194 40 235 48
001591 4 226 2 316 7 194 40 235 49
001592 4 226 2 316 6 194 41 235 50
001593 4 226 2 316 6 193 41 234 50
001594 5 226 2 316 6 242 21 192 42 227 68
001595 5 226 2 316 6 241 22 192 42 226 68
001596 5 226 2 316 6 241 22 191 43 226 70
001597 5 226 2 316 6 240 22 190 44 225 70
001598 5 226 2 316 6 240 22 190 45 224 72
001599 5 226 3 316 6 240 24 190 45 224 74
001600 5 226 3 316 6 240 22 188 46 224 74
001601 6 226 3 316 5 240 24 188 46 224 75 200 84
001602 5 226 3 316 5 240 23 188 46 224 76
001603 5 226 3 315 5 239 24 186 47 222 78
001604 5 226 4 315 5 238 24 186 47 222 80
001605 5 226 4 315 4 238 26 186 49 222 81
001606 5 226 4 315 4 238 26 185 50 220 82
001607 6 226 4 315 4 252 20 228 29 184 50 220 82
001608 5 226 4 314 4 237 28 184 50 219 84
001609 5 226 4 314 4 237 27 183 51 219 86
001610 6 226 4 314 4 250 22 226 30 184 52 218 88
001611 6 314 4 226 4 249 22 225 31 182 52 218 90
001612 6 314 4 226 4 250 22 224 30 182 54 216 91
001613 7 314 4 226 4 250 22 224 31 182 54 217 92 188 103
001614 7 314 4 226 4 250 23 224 30 180 55 216 94 187 105
001615 6 314 4 226 5 250 23 222 32 180 56 215 95
001616 6 314 3 225 5 250 24 222 32 179 56 214 97
001617 7 314 3 226 5 250 24 222 33 178 57 214 98 183 111
001618 6 314 3 225 6 250 25 220 34 178 58 212 101
001619 6 314 3 225 6 250 25 219 34 177 59 212 103
001620 7 314 2 226 6 249 26 219 36 176 60 203 75 212 104
001621 7 314 2 226 6 249 26 218 36 176 61 202 76 210 105
001622 6 314 2 225 6 248 26 218 36 174 62 210 107
001623 6 314 2 225 6 249 26 217 36 174 62 209 110
001624 6 313 2 224 6 248 27 216 37 173 64 208 112
001625 7 313 2 224 6 248 28 216 38 172 64 207 114 173 128
001626 6 312 2 224 6 248 28 214 38 172 65 206 116
001627 6 312 2 224 6 248 28 214 38 172 66 205 118
001628 6 312 2 224 6 248 29 214 40 172 66 205 121
001629 6 312 2 224 7 247 30 213 40 170 67 204 123
001630 6 312 2 224 7 248 30 212 40 170 68 203 124
001631 6 312 1 224 7 247 30 212 41 168 69 202 128
001632 6 312 1 224 8 247 31 212 41 168 70 202 130
001633 6 312 1 224 8 248 32 210 42 166 72 200 132
001634 7 312 1 223 8 319 17 248 32 210 43 166 72 199 134
001635 7 311 0 223 8 319 13 247 33 208 44 166 74 198 137
001636 7 311 0 223 8 319 12 246 34 208 44 165 74 196 140
001637 7 310 0 223 8 319 12 246 34 207 45 164 76 195 142
001638 7 308 0 223 8 318 12 246 34 206 46 163 77 194 146
001639 7 309 0 222 8 318 12 246 35 206 46 162 78 192 150
001640 7 309 0 222 8 318 10 246 36 206 48 162 78 192 152
001641 8 308 0 222 8 318 10 245 36 205 48 160 80 212 116 179 179
001642 8 308 0 222 8 318 10 244 36 204 48 160 82 212 116 178 182
001643 8 307 0 222 9 318 10 246 36 204 50 158 82 210 119 176 188
001644 8 302 0 222 9 318 9 246 37 202 51 157 84 210 122 174 194
001645 7 318 9 222 10 246 37 201 52 156 84 209 124 172 196
001646 7 318 8 222 11 244 38 200 51 156 86 208 126 170 197
001647 7 318 8 220 11 245 40 200 53 154 87 207 128 169 199
001648 8 318 6 221 12 245 39 199 54 133 81 154 88 207 130 166 200
001649 7 318 6 220 12 244 40 198 55 152 90 206 133 164 202
001650 7 318 6 220 12 244 40 197 56 152 91 204 136 164 205
001651 7 317 6 220 12 244 42 197 54 150 92 203 138 160 207
001652 7 317 6 220 12 244 42 196 56 148 93 202 141 158 210
001653 7 317 6 219 13 242 44 194 56 147 95 202 143 155 212
001654 8 316 6 219 14 242 44 194 58 124 88 146 96 200 146 157 215
001655 7 316 5 219 14 242 44 193 59 146 98 198 148 156 218
001656 7 316 5 218 14 244 44 192 60 144 98 198 152 154 220
001657 7 316 5 218 14 242 44 191 60 143 100 197 154 150 223
001658 7 316 4 218 14 242 46 190 62 142 102 196 158 148 226
001659 8 316 4 218 15 242 47 190 63 140 104 162 153 195 162 142 229
001660 7 316 4 218 15 242 47 188 64 140 106 193 164 140 232
001661 7 316 4 218 15 242 49 188 66 138 106 192 168 138 235
001662 8 223 0 316 4 218 16 242 48 186 66 137 108 192 172 134 239
001663 7 224 0 316 4 216 16 242 49 186 67 136 110 190 176
001664 7 224 0 316 4 216 17 240 50 185 67 134 112 188 180
001665 7 224 0 316 4 216 17 240 50 184 68 132 114 186 182
001666 7 224 0 316 4 216 17 240 52 182 70 131 116 186 187
001667 8 224 0 314 4 216 18 205 27 240 53 182 72 130 118 184 190
001668 7 224 0 315 3 216 18 240 53 180 72 128 119 183 194
001669 7 224 0 315 3 215 18 240 54 180 73 126 121 181 198
001670 8 224 0 315 3 214 18 240 54 178 74 100 113 124 123 179 200
001671 7 224 1 314 2 215 18 239 56 178 76 124 125 178 202
001672 7 224 1 314 2 215 19 238 56 176 78 122 127 176 204
001673 7 224 1 314 2 215 19 238 57 176 78 121 129 174 206
001674 8 224 1 314 2 214 20 238 58 174 80 92 121 119 131 172 208
001675 7 224 1 314 2 214 20 238 59 174 81 117 134 170 210
001676 7 224 2 314 2 214 20 238 60 172 82 116 136 168 212
001677 7 224 2 314 2 212 21 238 60 171 83 113 138 166 214
001678 7 224 2 314 2 212 22 237 62 170 84 112 140 164 216
001679 7 314 2 224 2 212 22 236 62 168 84 110 143 162 219
001680 7 314 2 224 2 212 22 236 64 168 87 108 144 166 222
001681 7 313 2 224 2 212 22 236 64 166 88 106 148 163 224
001682 7 313 1 224 2 212 22 236 66 164 90 104 150 160 227
001683 8 313 1 225 2 211 23 235 66 164 91 71 141 102 153 158 230
001684 8 313 1 224 2 210 24 235 68 162 92 68 144 100 156 154 233
001685 7 312 1 224 2 210 24 234 69 162 94 98 158 154 236
001686 7 312 0 225 2 210 24 234 70 160 96 62 150 95 160
001687 6 312 0 225 2 209 24 234 72 158 96 92 164
001688 6 312 0 225 2 210 24 234 73 157 98 90 166
001689 6 312 0 225 3 210 24 234 74 156 100 87 170
001690 6 310 0 225 3 208 24 233 76 154 100 85 173
001691 6 310 0 225 3 208 25 232 76 154 102 82 176
001692 6 309 0 225 3 208 26 232 77 152 103 79 180
001693 6 304 0 224 4 208 26 232 78 150 105 76 182
001694 5 225 4 208 27 231 78 148 108 74 185
001695 5 225 4 208 28 231 80 147 109 70 190
001696 5 225 4 207 28 230 82 146 111 68 194
001697 5 225 4 206 28 230 84 145 111 64 197
001698 5 224 4 206 28 230 86 144 114 62 200
001699 5 224 4 206 28 229 86 142 116 58 200
001700 5 224 4 206 30 229 88 140 118 54 202
